     1	0.855
     2	0.8575
     3	0.86
     4	0.86
     5	0.855
     6	0.8525
     7	0.8525
     8	0.845
     9	0.84
    10	0.84
    11	0.8375
    12	0.8425
    13	0.83
    14	0.8375
    15	0.83
    16	0.8225
    17	0.8225
    18	0.815
    19	0.82
    20	0.815
    21	0.81
    22	0.81
    23	0.8125
    24	0.8175
    25	0.815
    26	0.81
    27	0.815
    28	0.8125
    29	0.8125
    30	0.8125
    31	0.8125
    32	0.81
    33	0.81
    34	0.805
    35	0.8075
    36	0.8075
    37	0.81
    38	0.81
    39	0.8125
    40	0.81
    41	0.805
    42	0.8
    43	0.8
    44	0.7925
    45	0.795
    46	0.8
    47	0.7925
    48	0.7975
    49	0.8
    50	0.795
    51	0.795
    52	0.7975
    53	0.7825
    54	0.7925
    55	0.7875
    56	0.79
    57	0.79
    58	0.785
    59	0.785
    60	0.785
    61	0.7875
    62	0.775
    63	0.7775
    64	0.7775
    65	0.7825
    66	0.7825
    67	0.7825
    68	0.785
    69	0.775
    70	0.775
    71	0.7775
    72	0.78
    73	0.78
    74	0.7725
    75	0.7725
    76	0.7675
    77	0.7725
    78	0.77
    79	0.7725
    80	0.7725
    81	0.7725
    82	0.77
    83	0.7725
    84	0.775
    85	0.78
    86	0.7825
    87	0.775
    88	0.775
    89	0.77
    90	0.7775
    91	0.77
    92	0.765
    93	0.7675
    94	0.765
    95	0.77
    96	0.765
    97	0.7675
    98	0.7675
    99	0.7725
   100	0.77
   101	0.7725
   102	0.765
   103	0.7725
   104	0.7725
   105	0.77
   106	0.76
   107	0.7575
   108	0.7525
   109	0.7475
   110	0.75
   111	0.755
   112	0.755
   113	0.7525
   114	0.7475
   115	0.745
   116	0.75
   117	0.75
   118	0.7525
   119	0.75
   120	0.745
   121	0.7375
   122	0.74
   123	0.7425
   124	0.7425
   125	0.74
   126	0.745
   127	0.755
   128	0.745
   129	0.745
   130	0.745
   131	0.7475
   132	0.75
   133	0.76
   134	0.7625
   135	0.7625
   136	0.7625
   137	0.7625
   138	0.7625
   139	0.765
   140	0.7575
   141	0.76
   142	0.7625
   143	0.755
   144	0.7525
   145	0.755
   146	0.75
   147	0.7475
   148	0.7475
   149	0.745
   150	0.75
   151	0.7525
   152	0.7475
   153	0.745
   154	0.74
   155	0.745
   156	0.74
   157	0.74
   158	0.74
   159	0.74
   160	0.7375
   161	0.7425
   162	0.7425
   163	0.7425
   164	0.7425
   165	0.7425
   166	0.745
   167	0.7425
   168	0.7475
   169	0.7475
   170	0.7475
   171	0.75
   172	0.7525
   173	0.75
   174	0.75
   175	0.75
   176	0.7475
   177	0.75
   178	0.7475
   179	0.745
   180	0.7425
   181	0.7475
   182	0.75
   183	0.7525
   184	0.7475
   185	0.7475
   186	0.7475
   187	0.7475
   188	0.7525
   189	0.7525
   190	0.755
   191	0.75
   192	0.745
   193	0.7475
   194	0.745
   195	0.7475
   196	0.745
   197	0.745
   198	0.7425
   199	0.7425
   200	0.7425
   201	0.74
   202	0.74
   203	0.74
   204	0.74
   205	0.74
   206	0.7375
   207	0.7375
   208	0.735
   209	0.735
   210	0.735
   211	0.725
   212	0.725
   213	0.7225
   214	0.7225
   215	0.725
   216	0.725
   217	0.72
   218	0.715
   219	0.7175
   220	0.7175
   221	0.7125
   222	0.71
   223	0.71
   224	0.71
   225	0.7125
   226	0.7125
   227	0.71
   228	0.71
   229	0.71
   230	0.7125
   231	0.71
   232	0.7125
   233	0.72
   234	0.7175
   235	0.7125
   236	0.71
   237	0.7125
   238	0.71
   239	0.7125
   240	0.7125
   241	0.7125
   242	0.7125
   243	0.715
   244	0.715
   245	0.7175
   246	0.7175
   247	0.7175
   248	0.7175
   249	0.7225
   250	0.72
   251	0.7275
   252	0.7175
   253	0.7225
   254	0.72
   255	0.7225
   256	0.7175
   257	0.7175
   258	0.725
   259	0.7175
   260	0.715
   261	0.715
   262	0.715
   263	0.705
   264	0.7075
   265	0.705
   266	0.7
   267	0.71
   268	0.7025
   269	0.6975
   270	0.695
   271	0.6925
   272	0.7
   273	0.7075
   274	0.705
   275	0.6975
   276	0.7025
   277	0.7025
   278	0.7075
   279	0.7075
   280	0.7025
   281	0.705
   282	0.705
   283	0.7025
   284	0.7
   285	0.705
   286	0.7025
   287	0.705
   288	0.6975
   289	0.6925
   290	0.695
   291	0.695
   292	0.6975
   293	0.7025
   294	0.7025
   295	0.7
   296	0.6975
   297	0.7
   298	0.6925
   299	0.6925
   300	0.695
   301	0.7
   302	0.6925
   303	0.6925
   304	0.6975
   305	0.7
   306	0.7
   307	0.7
   308	0.695
   309	0.6975
   310	0.695
   311	0.695
   312	0.69
   313	0.69
   314	0.69
   315	0.68
   316	0.6825
   317	0.68
   318	0.6825
   319	0.685
   320	0.6875
   321	0.6875
   322	0.685
   323	0.69
   324	0.69
   325	0.6875
   326	0.68
   327	0.6825
   328	0.69
   329	0.68
   330	0.69
   331	0.69
   332	0.695
   333	0.695
   334	0.6925
   335	0.695
   336	0.6925
   337	0.6925
   338	0.695
   339	0.6975
   340	0.705
   341	0.705
   342	0.7
   343	0.7
   344	0.695
   345	0.69
   346	0.6925
   347	0.6925
   348	0.69
   349	0.6925
   350	0.69
   351	0.6875
   352	0.685
   353	0.6775
   354	0.68
   355	0.685
   356	0.695
   357	0.6975
   358	0.69
   359	0.69
   360	0.6825
   361	0.68
   362	0.6775
   363	0.6775
   364	0.68
   365	0.685
   366	0.69
   367	0.6925
   368	0.69
   369	0.69
   370	0.6975
   371	0.69
   372	0.6875
   373	0.685
   374	0.6875
   375	0.6875
   376	0.685
   377	0.685
   378	0.685
   379	0.6825
   380	0.6875
   381	0.6875
   382	0.685
   383	0.68
   384	0.69
   385	0.6925
   386	0.6925
   387	0.69
   388	0.6875
   389	0.695
   390	0.69
   391	0.6825
   392	0.6925
   393	0.6875
   394	0.695
   395	0.69
   396	0.6875
   397	0.6875
   398	0.69
   399	0.6875
   400	0.6825
   401	0.68
   402	0.6775
   403	0.68
   404	0.68
   405	0.6825
   406	0.68
   407	0.68
   408	0.6825
   409	0.6825
   410	0.685
   411	0.6825
   412	0.6875
   413	0.6875
   414	0.685
   415	0.69
   416	0.69
   417	0.695
   418	0.6875
   419	0.6875
   420	0.6825
   421	0.6775
   422	0.675
   423	0.6775
   424	0.68
   425	0.6825
   426	0.6825
   427	0.6825
   428	0.6825
   429	0.69
   430	0.69
   431	0.685
   432	0.6875
   433	0.695
   434	0.685
   435	0.6875
   436	0.685
   437	0.69
   438	0.6925
   439	0.69
   440	0.69
   441	0.6925
   442	0.69
   443	0.69
   444	0.695
   445	0.6925
   446	0.69
   447	0.7
   448	0.6975
   449	0.6975
   450	0.695
   451	0.6875
   452	0.69
   453	0.6875
   454	0.6875
   455	0.6875
   456	0.6875
   457	0.6825
   458	0.68
   459	0.6775
   460	0.6775
   461	0.675
   462	0.675
   463	0.675
   464	0.6775
   465	0.6725
   466	0.675
   467	0.67
   468	0.6725
   469	0.67
   470	0.6725
   471	0.6675
   472	0.6725
   473	0.6725
   474	0.66
   475	0.6525
   476	0.6525
   477	0.6525
   478	0.6575
   479	0.655
   480	0.6575
   481	0.66
   482	0.66
   483	0.66
   484	0.6625
   485	0.6575
   486	0.6575
   487	0.66
   488	0.6525
   489	0.6525
   490	0.65
   491	0.6575
   492	0.6575
   493	0.655
   494	0.6575
   495	0.6625
   496	0.6575
   497	0.6675
   498	0.6625
   499	0.6675
   500	0.6575
   501	0.6575
   502	0.655
   503	0.655
   504	0.6575
   505	0.6525
   506	0.6525
   507	0.6525
   508	0.655
   509	0.655
   510	0.66
   511	0.66
   512	0.66
   513	0.6575
   514	0.66
   515	0.6575
   516	0.66
   517	0.665
   518	0.6625
   519	0.655
   520	0.6525
   521	0.6475
   522	0.645
   523	0.645
   524	0.6475
   525	0.645
   526	0.645
   527	0.6475
   528	0.65
   529	0.6525
   530	0.645
   531	0.6375
   532	0.645
   533	0.6425
   534	0.64
   535	0.6375
   536	0.635
   537	0.6375
   538	0.635
   539	0.6375
   540	0.635
   541	0.64
   542	0.6375
   543	0.635
   544	0.6375
   545	0.64
   546	0.64
   547	0.6375
   548	0.63
   549	0.6325
   550	0.6325
   551	0.64
   552	0.64
   553	0.645
   554	0.6525
   555	0.6425
   556	0.64
   557	0.64
   558	0.6475
   559	0.65
   560	0.6475
   561	0.645
   562	0.65
   563	0.655
   564	0.6525
   565	0.655
   566	0.6525
   567	0.65
   568	0.6525
   569	0.65
   570	0.645
   571	0.645
   572	0.64
   573	0.6425
   574	0.6475
   575	0.6425
   576	0.6575
   577	0.6525
   578	0.655
   579	0.655
   580	0.6525
   581	0.655
   582	0.66
   583	0.6575
   584	0.6525
   585	0.66
   586	0.6575
   587	0.655
   588	0.6525
   589	0.6525
   590	0.6575
   591	0.6575
   592	0.655
   593	0.655
   594	0.655
   595	0.655
   596	0.66
   597	0.655
   598	0.655
   599	0.6575
   600	0.6575
   601	0.66
   602	0.65
   603	0.6475
   604	0.6475
   605	0.6475
   606	0.6475
   607	0.6475
   608	0.6475
   609	0.6525
   610	0.6575
   611	0.655
   612	0.65
   613	0.64
   614	0.6475
   615	0.64
   616	0.6475
   617	0.6425
   618	0.6475
   619	0.6475
   620	0.65
   621	0.65
   622	0.655
   623	0.6575
   624	0.6625
   625	0.665
   626	0.66
   627	0.665
   628	0.6625
   629	0.6625
   630	0.66
   631	0.665
   632	0.6625
   633	0.66
   634	0.6625
   635	0.6575
   636	0.6575
   637	0.6575
   638	0.6625
   639	0.6625
   640	0.665
   641	0.6625
   642	0.665
   643	0.6625
   644	0.665
   645	0.6625
   646	0.665
   647	0.665
   648	0.6625
   649	0.665
   650	0.6625
   651	0.6575
   652	0.6575
   653	0.655
   654	0.66
   655	0.665
   656	0.6575
   657	0.6575
   658	0.65
   659	0.655
   660	0.65
   661	0.6525
   662	0.65
   663	0.655
   664	0.6575
   665	0.65
   666	0.65
   667	0.6525
   668	0.6575
   669	0.655
   670	0.655
   671	0.6575
   672	0.66
   673	0.6625
   674	0.655
   675	0.6625
   676	0.6675
   677	0.6675
   678	0.6625
   679	0.67
   680	0.665
   681	0.6625
   682	0.6625
   683	0.6575
   684	0.66
   685	0.6575
   686	0.6525
   687	0.6525
   688	0.6525
   689	0.6475
   690	0.645
   691	0.64
   692	0.6375
   693	0.6425
   694	0.6475
   695	0.645
   696	0.645
   697	0.645
   698	0.645
   699	0.6375
   700	0.645
   701	0.645
   702	0.6525
   703	0.655
   704	0.6575
   705	0.6525
   706	0.6525
   707	0.645
   708	0.6475
   709	0.65
   710	0.65
   711	0.6525
   712	0.655
   713	0.65
   714	0.6575
   715	0.66
   716	0.66
   717	0.6575
   718	0.6575
   719	0.6575
   720	0.655
   721	0.6575
   722	0.655
   723	0.6525
   724	0.6525
   725	0.65
   726	0.6525
   727	0.6525
   728	0.65
   729	0.6475
   730	0.65
   731	0.6525
   732	0.6475
   733	0.6525
   734	0.65
   735	0.65
   736	0.655
   737	0.6525
   738	0.65
   739	0.6475
   740	0.645
   741	0.645
   742	0.6425
   743	0.645
   744	0.6425
   745	0.64
   746	0.635
   747	0.6375
   748	0.64
   749	0.6475
   750	0.65
   751	0.6425
   752	0.6425
   753	0.64
   754	0.6375
   755	0.6375
   756	0.6375
   757	0.6375
   758	0.6375
   759	0.6375
   760	0.6375
   761	0.635
   762	0.6375
   763	0.6325
   764	0.635
   765	0.6375
   766	0.64
   767	0.635
   768	0.635
   769	0.635
   770	0.6325
   771	0.6325
   772	0.635
   773	0.6375
   774	0.625
   775	0.6275
   776	0.63
   777	0.62
   778	0.6225
   779	0.62
   780	0.6325
   781	0.6275
   782	0.63
   783	0.6275
   784	0.6275
   785	0.6275
   786	0.625
   787	0.625
   788	0.6225
   789	0.625
   790	0.6225
   791	0.625
   792	0.625
   793	0.625
   794	0.6275
   795	0.6225
   796	0.63
   797	0.6275
   798	0.615
   799	0.615
   800	0.62
   801	0.625
   802	0.63
   803	0.625
   804	0.635
   805	0.6325
   806	0.635
   807	0.63
   808	0.6325
   809	0.6375
   810	0.635
   811	0.6425
   812	0.635
   813	0.6325
   814	0.635
   815	0.63
   816	0.6175
   817	0.6275
   818	0.6275
   819	0.6325
   820	0.6275
   821	0.6225
   822	0.6325
   823	0.63
   824	0.6275
   825	0.6275
   826	0.6275
   827	0.63
   828	0.6325
   829	0.63
   830	0.635
   831	0.63
   832	0.625
   833	0.625
   834	0.625
   835	0.625
   836	0.62
   837	0.6225
   838	0.6175
   839	0.62
   840	0.625
   841	0.625
   842	0.625
   843	0.6275
   844	0.625
   845	0.625
   846	0.625
   847	0.6225
   848	0.625
   849	0.625
   850	0.6225
   851	0.615
   852	0.615
   853	0.615
   854	0.6175
   855	0.6175
   856	0.6125
   857	0.62
   858	0.615
   859	0.615
   860	0.6175
   861	0.6175
   862	0.62
   863	0.6225
   864	0.625
   865	0.6275
   866	0.625
   867	0.63
   868	0.63
   869	0.6325
   870	0.63
   871	0.6375
   872	0.63
   873	0.6325
   874	0.6325
   875	0.6325
   876	0.63
   877	0.6325
   878	0.6225
   879	0.6225
   880	0.62
   881	0.6225
   882	0.62
   883	0.6225
   884	0.62
   885	0.62
   886	0.6175
   887	0.6175
   888	0.6175
   889	0.6175
   890	0.6125
   891	0.6125
   892	0.6075
   893	0.61
   894	0.61
   895	0.6125
   896	0.6025
   897	0.6
   898	0.6
   899	0.6
   900	0.6
   901	0.605
   902	0.6
   903	0.605
   904	0.5975
   905	0.5975
   906	0.5925
   907	0.595
   908	0.6
   909	0.605
   910	0.605
   911	0.61
   912	0.6175
   913	0.6175
   914	0.61
   915	0.6175
   916	0.6225
   917	0.615
   918	0.615
   919	0.615
   920	0.6175
   921	0.62
   922	0.6125
   923	0.615
   924	0.615
   925	0.615
   926	0.6175
   927	0.6125
   928	0.62
   929	0.62
   930	0.62
   931	0.6225
   932	0.6175
   933	0.6125
   934	0.6175
   935	0.6125
   936	0.615
   937	0.615
   938	0.6175
   939	0.61
   940	0.6075
   941	0.6025
   942	0.5975
   943	0.6
   944	0.5975
   945	0.6
   946	0.6
   947	0.595
   948	0.595
   949	0.5975
   950	0.5975
   951	0.6
   952	0.6025
   953	0.605
   954	0.6075
   955	0.6075
   956	0.6
   957	0.6
   958	0.605
   959	0.5975
   960	0.6
   961	0.6
   962	0.595
   963	0.595
   964	0.595
   965	0.5925
   966	0.5975
   967	0.6
   968	0.5975
   969	0.6
   970	0.605
   971	0.6025
   972	0.6025
   973	0.585
   974	0.595
   975	0.59
   976	0.5875
   977	0.5975
   978	0.5975
   979	0.595
   980	0.6
   981	0.595
   982	0.595
   983	0.6
   984	0.6025
   985	0.6
   986	0.5925
   987	0.595
   988	0.5925
   989	0.5925
   990	0.6
   991	0.6025
   992	0.595
   993	0.595
   994	0.5925
   995	0.595
   996	0.5925
   997	0.59
   998	0.6
   999	0.6025
  1000	0.61
  1001	0.605
  1002	0.605
  1003	0.6025
  1004	0.595
  1005	0.5975
  1006	0.595
  1007	0.595
  1008	0.59
  1009	0.59
  1010	0.59
  1011	0.5875
  1012	0.585
  1013	0.5875
  1014	0.585
  1015	0.585
  1016	0.59
  1017	0.5875
  1018	0.59
  1019	0.59
  1020	0.5875
  1021	0.5875
  1022	0.595
  1023	0.5975
  1024	0.5925
  1025	0.585
  1026	0.5925
  1027	0.5975
  1028	0.5925
  1029	0.5925
  1030	0.5975
  1031	0.59
  1032	0.59
  1033	0.6075
  1034	0.5925
  1035	0.6025
  1036	0.605
  1037	0.605
  1038	0.61
  1039	0.6175
  1040	0.6025
  1041	0.605
  1042	0.605
  1043	0.6075
  1044	0.61
  1045	0.61
  1046	0.605
  1047	0.61
  1048	0.605
  1049	0.605
  1050	0.6075
  1051	0.6025
  1052	0.6025
  1053	0.6025
  1054	0.5975
  1055	0.595
  1056	0.6025
  1057	0.6025
  1058	0.6
  1059	0.6
  1060	0.5875
  1061	0.5975
  1062	0.6
  1063	0.595
  1064	0.5975
  1065	0.595
  1066	0.5975
  1067	0.605
  1068	0.5975
  1069	0.5975
  1070	0.605
  1071	0.605
  1072	0.6
  1073	0.595
  1074	0.5975
  1075	0.6
  1076	0.595
  1077	0.5925
  1078	0.59
  1079	0.5925
  1080	0.585
  1081	0.58
  1082	0.5875
  1083	0.5775
  1084	0.5825
  1085	0.5825
  1086	0.5775
  1087	0.58
  1088	0.585
  1089	0.58
  1090	0.5825
  1091	0.58
  1092	0.58
  1093	0.58
  1094	0.585
  1095	0.5825
  1096	0.585
  1097	0.5875
  1098	0.59
  1099	0.5825
  1100	0.59
  1101	0.5825
  1102	0.5775
  1103	0.5775
  1104	0.585
  1105	0.57
  1106	0.5725
  1107	0.5775
  1108	0.58
  1109	0.5775
  1110	0.575
  1111	0.58
  1112	0.575
  1113	0.5725
  1114	0.575
  1115	0.575
  1116	0.58
  1117	0.5775
  1118	0.57
  1119	0.5675
  1120	0.5725
  1121	0.5675
  1122	0.565
  1123	0.5675
  1124	0.57
  1125	0.56
  1126	0.565
  1127	0.565
  1128	0.575
  1129	0.5675
  1130	0.565
  1131	0.57
  1132	0.57
  1133	0.5675
  1134	0.5625
  1135	0.5675
  1136	0.57
  1137	0.565
  1138	0.5625
  1139	0.565
  1140	0.5625
  1141	0.5575
  1142	0.56
  1143	0.57
  1144	0.5675
  1145	0.5675
  1146	0.565
  1147	0.565
  1148	0.5675
  1149	0.5675
  1150	0.57
  1151	0.565
  1152	0.57
  1153	0.565
  1154	0.5675
  1155	0.565
  1156	0.565
  1157	0.565
  1158	0.5675
  1159	0.5725
  1160	0.565
  1161	0.5625
  1162	0.565
  1163	0.555
  1164	0.5625
  1165	0.56
  1166	0.555
  1167	0.555
  1168	0.5575
  1169	0.555
  1170	0.565
  1171	0.57
  1172	0.5625
  1173	0.57
  1174	0.565
  1175	0.5675
  1176	0.5625
  1177	0.565
  1178	0.565
  1179	0.56
  1180	0.5575
  1181	0.5525
  1182	0.5525
  1183	0.5525
  1184	0.555
  1185	0.5625
  1186	0.5625
  1187	0.5675
  1188	0.5625
  1189	0.56
  1190	0.565
  1191	0.5675
  1192	0.5675
  1193	0.5675
  1194	0.565
  1195	0.5625
  1196	0.5675
  1197	0.5625
  1198	0.5675
  1199	0.5625
  1200	0.5575
  1201	0.5575
  1202	0.5575
  1203	0.555
  1204	0.55
  1205	0.55
  1206	0.55
  1207	0.5525
  1208	0.5525
  1209	0.5525
  1210	0.5525
  1211	0.5525
  1212	0.545
  1213	0.5475
  1214	0.5475
  1215	0.5425
  1216	0.54
  1217	0.5375
  1218	0.54
  1219	0.54
  1220	0.545
  1221	0.5475
  1222	0.5475
  1223	0.5475
  1224	0.5525
  1225	0.555
  1226	0.5525
  1227	0.5525
  1228	0.5475
  1229	0.55
  1230	0.545
  1231	0.5475
  1232	0.55
  1233	0.545
  1234	0.5475
  1235	0.55
  1236	0.55
  1237	0.55
  1238	0.5425
  1239	0.545
  1240	0.5425
  1241	0.54
  1242	0.5375
  1243	0.54
  1244	0.5425
  1245	0.545
  1246	0.5475
  1247	0.5475
  1248	0.5475
  1249	0.54
  1250	0.545
  1251	0.535
  1252	0.535
  1253	0.535
  1254	0.5325
  1255	0.53
  1256	0.5325
  1257	0.5325
  1258	0.53
  1259	0.53
  1260	0.5275
  1261	0.5225
  1262	0.5225
  1263	0.5325
  1264	0.5325
  1265	0.5325
  1266	0.5375
  1267	0.5375
  1268	0.5375
  1269	0.5325
  1270	0.53
  1271	0.5325
  1272	0.5325
  1273	0.5325
  1274	0.5325
  1275	0.5325
  1276	0.5325
  1277	0.5325
  1278	0.5325
  1279	0.5325
  1280	0.5325
  1281	0.5325
  1282	0.5325
  1283	0.5325
  1284	0.5325
  1285	0.5325
  1286	0.5325
  1287	0.5325
  1288	0.5325
  1289	0.5325
  1290	0.535
  1291	0.5375
  1292	0.5375
  1293	0.5375
  1294	0.54
  1295	0.5425
  1296	0.5425
  1297	0.54
  1298	0.5425
  1299	0.54
  1300	0.54
  1301	0.5425
  1302	0.5425
  1303	0.54
  1304	0.5375
  1305	0.535
  1306	0.54
  1307	0.5425
  1308	0.5425
  1309	0.5425
  1310	0.5425
  1311	0.54
  1312	0.54
  1313	0.54
  1314	0.54
  1315	0.5375
  1316	0.5375
  1317	0.54
  1318	0.535
  1319	0.535
  1320	0.535
  1321	0.535
  1322	0.5375
  1323	0.5375
  1324	0.535
  1325	0.5375
  1326	0.5375
  1327	0.54
  1328	0.545
  1329	0.5425
  1330	0.5375
  1331	0.54
  1332	0.54
  1333	0.5425
  1334	0.54
  1335	0.5475
  1336	0.54
  1337	0.545
  1338	0.5475
  1339	0.5475
  1340	0.55
  1341	0.555
  1342	0.55
  1343	0.545
  1344	0.545
  1345	0.545
  1346	0.5475
  1347	0.5475
  1348	0.545
  1349	0.5475
  1350	0.5425
  1351	0.5475
  1352	0.5425
  1353	0.545
  1354	0.545
  1355	0.545
  1356	0.5425
  1357	0.545
  1358	0.54
  1359	0.54
  1360	0.5525
  1361	0.5475
  1362	0.55
  1363	0.545
  1364	0.55
  1365	0.5425
  1366	0.5375
  1367	0.5375
  1368	0.545
  1369	0.5425
  1370	0.545
  1371	0.545
  1372	0.5475
  1373	0.5475
  1374	0.545
  1375	0.545
  1376	0.54
  1377	0.54
  1378	0.5375
  1379	0.54
  1380	0.54
  1381	0.5425
  1382	0.545
  1383	0.55
  1384	0.5475
  1385	0.5475
  1386	0.5525
  1387	0.5525
  1388	0.55
  1389	0.555
  1390	0.555
  1391	0.5575
  1392	0.5525
  1393	0.5475
  1394	0.55
  1395	0.5475
  1396	0.545
  1397	0.5425
  1398	0.5425
  1399	0.545
  1400	0.545
  1401	0.5475
  1402	0.5425
  1403	0.54
  1404	0.5375
  1405	0.545
  1406	0.54
  1407	0.5475
  1408	0.5475
  1409	0.55
  1410	0.55
  1411	0.5475
  1412	0.5475
  1413	0.5375
  1414	0.5425
  1415	0.535
  1416	0.5425
  1417	0.545
  1418	0.545
  1419	0.545
  1420	0.5475
  1421	0.54
  1422	0.5425
  1423	0.5525
  1424	0.5525
  1425	0.5525
  1426	0.5475
  1427	0.5425
  1428	0.5475
  1429	0.54
  1430	0.5425
  1431	0.545
  1432	0.5425
  1433	0.545
  1434	0.5375
  1435	0.5375
  1436	0.535
  1437	0.535
  1438	0.535
  1439	0.535
  1440	0.535
  1441	0.54
  1442	0.55
  1443	0.5475
  1444	0.545
  1445	0.5375
  1446	0.535
  1447	0.535
  1448	0.535
  1449	0.5375
  1450	0.535
  1451	0.535
  1452	0.545
  1453	0.545
  1454	0.5425
  1455	0.54
  1456	0.5425
  1457	0.54
  1458	0.5375
  1459	0.535
  1460	0.5375
  1461	0.54
  1462	0.5425
  1463	0.5425
  1464	0.5375
  1465	0.5425
  1466	0.5425
  1467	0.545
  1468	0.5475
  1469	0.5425
  1470	0.545
  1471	0.5375
  1472	0.5375
  1473	0.5375
  1474	0.54
  1475	0.54
  1476	0.54
  1477	0.5375
  1478	0.5375
  1479	0.5325
  1480	0.5475
  1481	0.54
  1482	0.5425
  1483	0.5475
  1484	0.5425
  1485	0.545
  1486	0.54
  1487	0.5375
  1488	0.5375
  1489	0.5375
  1490	0.54
  1491	0.54
  1492	0.5375
  1493	0.535
  1494	0.5375
  1495	0.535
  1496	0.535
  1497	0.5375
  1498	0.5375
  1499	0.5325
  1500	0.5425
