1	0.8575
2	0.8575
3	0.8625
4	0.8625
5	0.8575
6	0.855
7	0.8575
8	0.8525
9	0.845
10	0.85
11	0.845
12	0.8475
13	0.8375
14	0.845
15	0.8525
16	0.8475
17	0.8475
18	0.855
19	0.8425
20	0.8425
21	0.8475
22	0.8425
23	0.85
24	0.8425
25	0.8425
26	0.84
27	0.8375
28	0.835
29	0.8375
30	0.84
31	0.8425
32	0.8375
33	0.835
34	0.8375
35	0.8325
36	0.83
37	0.8325
38	0.8325
39	0.83
40	0.83
41	0.8225
42	0.82
43	0.82
44	0.8175
45	0.82
46	0.815
47	0.815
48	0.8175
49	0.815
50	0.8125
51	0.805
52	0.805
53	0.8075
54	0.8025
55	0.8125
56	0.81
57	0.8075
58	0.8025
59	0.8125
60	0.8125
61	0.805
62	0.8075
63	0.8075
64	0.8125
65	0.8225
66	0.8175
67	0.8175
68	0.82
69	0.81
70	0.8175
71	0.815
72	0.82
73	0.8175
74	0.82
75	0.8175
76	0.8175
77	0.8125
78	0.8175
79	0.81
80	0.8125
81	0.8025
82	0.8025
83	0.8025
84	0.8025
85	0.8025
86	0.7975
87	0.81
88	0.8125
89	0.8075
90	0.8075
91	0.81
92	0.8125
93	0.8125
94	0.81
95	0.8125
96	0.805
97	0.805
98	0.805
99	0.805
100	0.805
101	0.8
102	0.8
103	0.805
104	0.805
105	0.805
106	0.8
107	0.805
108	0.8025
109	0.8
110	0.8
111	0.8025
112	0.7975
113	0.7975
114	0.8
115	0.8025
116	0.7975
117	0.8
118	0.805
119	0.805
120	0.805
121	0.8
122	0.7975
123	0.8
124	0.7975
125	0.7975
126	0.7975
127	0.8
128	0.7925
129	0.7825
130	0.795
131	0.795
132	0.79
133	0.795
134	0.79
135	0.79
136	0.7875
137	0.79
138	0.79
139	0.79
140	0.79
141	0.7875
142	0.7825
143	0.7825
144	0.785
145	0.7875
146	0.7825
147	0.78
148	0.7775
149	0.7725
150	0.7775
151	0.78
152	0.7825
153	0.785
154	0.7825
155	0.785
156	0.7775
157	0.775
158	0.7775
159	0.775
160	0.7775
161	0.775
162	0.775
163	0.7725
164	0.775
165	0.7775
166	0.7725
167	0.775
168	0.7725
169	0.775
170	0.7775
171	0.7725
172	0.7725
173	0.7775
174	0.775
175	0.775
176	0.7775
177	0.775
178	0.7725
179	0.7725
180	0.77
181	0.7725
182	0.77
183	0.77
184	0.7725
185	0.765
186	0.765
187	0.755
188	0.755
189	0.77
190	0.78
191	0.775
192	0.78
193	0.7775
194	0.785
195	0.785
196	0.785
197	0.785
198	0.785
199	0.7875
200	0.7875
201	0.7875
202	0.785
203	0.79
204	0.7925
205	0.795
206	0.7925
207	0.7875
208	0.7875
209	0.7875
210	0.7875
211	0.7925
212	0.785
213	0.7925
214	0.7875
215	0.7925
216	0.79
217	0.7925
218	0.785
219	0.7825
220	0.785
221	0.79
222	0.79
223	0.7875
224	0.785
225	0.785
226	0.785
227	0.785
228	0.79
229	0.79
230	0.795
231	0.795
232	0.79
233	0.7825
234	0.785
235	0.7925
236	0.7825
237	0.7875
238	0.79
239	0.795
240	0.7925
241	0.79
242	0.795
243	0.7925
244	0.7875
245	0.795
246	0.795
247	0.7875
248	0.785
249	0.7875
250	0.7875
251	0.79
252	0.795
253	0.795
254	0.7975
255	0.7875
256	0.79
257	0.7925
258	0.7825
259	0.7875
260	0.79
261	0.7925
262	0.795
263	0.7975
264	0.795
265	0.7925
266	0.785
267	0.785
268	0.7925
269	0.7775
270	0.78
271	0.775
272	0.7825
273	0.7825
274	0.785
275	0.7875
276	0.7875
277	0.79
278	0.785
279	0.785
280	0.79
281	0.7875
282	0.7875
283	0.79
284	0.7825
285	0.7875
286	0.7875
287	0.79
288	0.785
289	0.79
290	0.795
291	0.79
292	0.7925
293	0.7925
294	0.795
295	0.79
296	0.79
297	0.7875
298	0.7875
299	0.79
300	0.795
301	0.79
302	0.795
303	0.7925
304	0.795
305	0.7925
306	0.7925
307	0.7925
308	0.795
309	0.795
310	0.7975
311	0.7975
312	0.7975
313	0.7925
314	0.795
315	0.795
316	0.7925
317	0.7875
318	0.7875
319	0.79
320	0.7925
321	0.7925
322	0.7875
323	0.79
324	0.79
325	0.795
326	0.795
327	0.7975
328	0.79
329	0.7925
330	0.7925
331	0.795
332	0.795
333	0.795
334	0.7925
335	0.79
336	0.79
337	0.7875
338	0.7875
339	0.785
340	0.79
341	0.7925
342	0.785
343	0.7825
344	0.785
345	0.79
346	0.7925
347	0.7875
348	0.79
349	0.795
350	0.795
351	0.795
352	0.7925
353	0.785
354	0.7925
355	0.7825
356	0.785
357	0.7825
358	0.785
359	0.7875
360	0.7875
361	0.7875
362	0.7825
363	0.7825
364	0.785
365	0.7825
366	0.7825
367	0.79
368	0.7875
369	0.785
370	0.7825
371	0.785
372	0.785
373	0.785
374	0.785
375	0.7825
376	0.7775
377	0.7825
378	0.78
379	0.7775
380	0.78
381	0.7825
382	0.785
383	0.785
384	0.7875
385	0.79
386	0.785
387	0.7825
388	0.7825
389	0.785
390	0.785
391	0.785
392	0.78
393	0.7775
394	0.78
395	0.78
396	0.775
397	0.7775
398	0.78
399	0.78
400	0.78
401	0.78
402	0.78
403	0.785
404	0.7825
405	0.78
406	0.78
407	0.78
408	0.7825
409	0.7825
410	0.7825
411	0.785
412	0.785
413	0.79
414	0.78
415	0.7825
416	0.7825
417	0.7775
418	0.775
419	0.7775
420	0.785
421	0.79
422	0.7825
423	0.785
424	0.7775
425	0.7775
426	0.775
427	0.78
428	0.78
429	0.775
430	0.775
431	0.775
432	0.7825
433	0.7875
434	0.7875
435	0.7875
436	0.78
437	0.7775
438	0.7825
439	0.785
440	0.785
441	0.79
442	0.7875
443	0.7875
444	0.7825
445	0.7825
446	0.7825
447	0.78
448	0.78
449	0.78
450	0.78
451	0.7825
452	0.78
453	0.78
454	0.7775
455	0.7825
456	0.7825
457	0.78
458	0.78
459	0.78
460	0.78
461	0.775
462	0.7725
463	0.7675
464	0.77
465	0.7725
466	0.78
467	0.7775
468	0.7825
469	0.785
470	0.7825
471	0.7825
472	0.785
473	0.7875
474	0.79
475	0.795
476	0.795
477	0.7925
478	0.7875
479	0.78
480	0.7775
481	0.775
482	0.78
483	0.78
484	0.7825
485	0.785
486	0.78
487	0.7825
488	0.79
489	0.79
490	0.7925
491	0.79
492	0.785
493	0.785
494	0.7825
495	0.785
496	0.7825
497	0.775
498	0.7825
499	0.785
500	0.79
501	0.7925
502	0.7875
503	0.79
504	0.7875
505	0.79
506	0.7875
507	0.78
508	0.7775
509	0.7775
510	0.78
511	0.7775
512	0.7775
513	0.7775
514	0.7775
515	0.78
516	0.7825
517	0.775
518	0.7825
519	0.7775
520	0.78
521	0.7775
522	0.78
523	0.7775
524	0.785
525	0.7825
526	0.78
527	0.78
528	0.7825
529	0.7775
530	0.77
531	0.77
532	0.7675
533	0.77
534	0.7675
535	0.7675
536	0.7775
537	0.7775
538	0.775
539	0.7675
540	0.7675
541	0.7775
542	0.78
543	0.7825
544	0.7775
545	0.7775
546	0.7775
547	0.7725
548	0.765
549	0.775
550	0.775
551	0.77
552	0.7675
553	0.76
554	0.755
555	0.7575
556	0.755
557	0.7525
558	0.7525
559	0.7625
560	0.765
561	0.7675
562	0.7675
563	0.7675
564	0.7675
565	0.7675
566	0.77
567	0.76
568	0.76
569	0.7725
570	0.7725
571	0.7725
572	0.77
573	0.775
574	0.77
575	0.765
576	0.7625
577	0.76
578	0.7575
579	0.7675
580	0.7725
581	0.7675
582	0.7675
583	0.76
584	0.765
585	0.765
586	0.7625
587	0.7575
588	0.76
589	0.76
590	0.7575
591	0.755
592	0.755
593	0.7725
594	0.7725
595	0.76
596	0.7675
597	0.76
598	0.7575
599	0.76
600	0.755
601	0.7625
602	0.7575
603	0.76
604	0.7575
605	0.76
606	0.7575
607	0.7625
608	0.76
609	0.7625
610	0.76
611	0.7575
612	0.75
613	0.7525
614	0.75
615	0.7525
616	0.75
617	0.745
618	0.7475
619	0.75
620	0.745
621	0.75
622	0.7425
623	0.7475
624	0.75
625	0.7525
626	0.7525
627	0.7525
628	0.755
629	0.7575
630	0.755
631	0.76
632	0.7575
633	0.7525
634	0.7525
635	0.75
636	0.75
637	0.7525
638	0.7475
639	0.75
640	0.745
641	0.745
642	0.7425
643	0.745
644	0.7525
645	0.75
646	0.7425
647	0.7425
648	0.75
649	0.75
650	0.755
651	0.7525
652	0.75
653	0.7475
654	0.75
655	0.7475
656	0.745
657	0.75
658	0.7475
659	0.75
660	0.745
661	0.7475
662	0.7425
663	0.745
664	0.755
665	0.755
666	0.7525
667	0.7525
668	0.7525
669	0.7575
670	0.7575
671	0.755
672	0.75
673	0.76
674	0.7525
675	0.7525
676	0.76
677	0.7525
678	0.7575
679	0.755
680	0.76
681	0.7575
682	0.7575
683	0.7575
684	0.7525
685	0.76
686	0.7575
687	0.7575
688	0.765
689	0.7575
690	0.7525
691	0.7525
692	0.7425
693	0.745
694	0.745
695	0.7425
696	0.74
697	0.7375
698	0.7425
699	0.75
700	0.7525
701	0.7575
702	0.76
703	0.7575
704	0.75
705	0.75
706	0.7475
707	0.755
708	0.7625
709	0.755
710	0.76
711	0.76
712	0.755
713	0.76
714	0.76
715	0.7575
716	0.755
717	0.76
718	0.76
719	0.755
720	0.7575
721	0.7575
722	0.76
723	0.7525
724	0.755
725	0.7425
726	0.735
727	0.7375
728	0.7475
729	0.7475
730	0.7475
731	0.75
732	0.74
733	0.7475
734	0.75
735	0.755
736	0.755
737	0.7525
738	0.7525
739	0.7525
740	0.7575
741	0.7625
742	0.7625
743	0.76
744	0.7525
745	0.745
746	0.7375
747	0.7375
748	0.74
749	0.74
750	0.7375
751	0.74
752	0.7425
753	0.7325
754	0.745
755	0.745
756	0.7475
757	0.7475
758	0.745
759	0.755
760	0.745
761	0.745
762	0.7475
763	0.745
764	0.74
765	0.7425
766	0.745
767	0.75
768	0.7525
769	0.7525
770	0.765
771	0.7575
772	0.7525
773	0.76
774	0.76
775	0.7625
776	0.7575
777	0.76
778	0.7675
779	0.7625
780	0.765
781	0.765
782	0.765
783	0.77
784	0.7725
785	0.765
786	0.76
787	0.765
788	0.7675
789	0.7675
790	0.77
791	0.7675
792	0.7625
793	0.7575
794	0.76
795	0.7525
796	0.7525
797	0.745
798	0.7475
799	0.7425
800	0.74
801	0.7475
802	0.7475
803	0.7475
804	0.745
805	0.7425
806	0.7475
807	0.75
808	0.75
809	0.7525
810	0.7475
811	0.7325
812	0.74
813	0.7425
814	0.7425
815	0.745
816	0.745
817	0.75
818	0.745
819	0.75
820	0.755
821	0.75
822	0.75
823	0.755
824	0.76
825	0.7525
826	0.755
827	0.75
828	0.7475
829	0.755
830	0.745
831	0.7475
832	0.7475
833	0.745
834	0.75
835	0.745
836	0.7425
837	0.745
838	0.7475
839	0.765
840	0.7625
841	0.765
842	0.7575
843	0.755
844	0.76
845	0.755
846	0.7525
847	0.7525
848	0.7525
849	0.7475
850	0.74
851	0.745
852	0.745
853	0.74
854	0.7475
855	0.7375
856	0.7425
857	0.7375
858	0.735
859	0.735
860	0.74
861	0.7475
862	0.7525
863	0.75
864	0.75
865	0.75
866	0.745
867	0.745
868	0.75
869	0.7525
870	0.7575
871	0.755
872	0.7525
873	0.755
874	0.7575
875	0.76
876	0.765
877	0.7575
878	0.765
879	0.7675
880	0.765
881	0.765
882	0.765
883	0.755
884	0.7525
885	0.755
886	0.7525
887	0.75
888	0.7575
889	0.76
890	0.76
891	0.76
892	0.7625
893	0.7625
894	0.7625
895	0.765
896	0.76
897	0.755
898	0.76
899	0.7675
900	0.765
901	0.765
902	0.765
903	0.7675
904	0.76
905	0.76
906	0.755
907	0.7475
908	0.745
909	0.7475
910	0.7525
911	0.75
912	0.7425
913	0.75
914	0.745
915	0.745
916	0.7375
917	0.74
918	0.74
919	0.745
920	0.7475
921	0.75
922	0.745
923	0.735
924	0.735
925	0.7275
926	0.7275
927	0.725
928	0.7125
929	0.7275
930	0.7325
931	0.7325
932	0.735
933	0.74
934	0.74
935	0.745
936	0.745
937	0.745
938	0.75
939	0.75
940	0.75
941	0.7475
942	0.7475
943	0.7475
944	0.7425
945	0.75
946	0.7475
947	0.755
948	0.76
949	0.7575
950	0.7575
951	0.7575
952	0.755
953	0.76
954	0.75
955	0.7475
956	0.755
957	0.7575
958	0.7725
959	0.7675
960	0.765
961	0.765
962	0.765
963	0.755
964	0.7575
965	0.75
966	0.745
967	0.7525
968	0.765
969	0.7575
970	0.7675
971	0.77
972	0.7575
973	0.7575
974	0.755
975	0.7525
976	0.755
977	0.745
978	0.74
979	0.74
980	0.7425
981	0.7425
982	0.74
983	0.74
984	0.745
985	0.7425
986	0.7475
987	0.7475
988	0.7525
989	0.745
990	0.7475
991	0.7575
992	0.755
993	0.755
994	0.755
995	0.755
996	0.7525
997	0.75
998	0.74
999	0.7375
1000	0.74
1001	0.745
1002	0.735
1003	0.7425
1004	0.7425
1005	0.7325
1006	0.735
1007	0.735
1008	0.735
1009	0.7325
1010	0.735
1011	0.7325
1012	0.73
1013	0.735
1014	0.7325
1015	0.7225
1016	0.725
1017	0.725
1018	0.7325
1019	0.7375
1020	0.7325
1021	0.7275
1022	0.7225
1023	0.7325
1024	0.73
1025	0.7325
1026	0.7375
1027	0.7375
1028	0.735
1029	0.7325
1030	0.7375
1031	0.74
1032	0.735
1033	0.7325
1034	0.7275
1035	0.7275
1036	0.7275
1037	0.7225
1038	0.7175
1039	0.7175
1040	0.7125
1041	0.72
1042	0.7175
1043	0.7275
1044	0.7275
1045	0.72
1046	0.7225
1047	0.7225
1048	0.725
1049	0.7175
1050	0.72
1051	0.725
1052	0.725
1053	0.7225
1054	0.72
1055	0.7125
1056	0.715
1057	0.715
1058	0.72
1059	0.71
1060	0.7125
1061	0.7275
1062	0.73
1063	0.7175
1064	0.725
1065	0.7225
1066	0.7225
1067	0.7275
1068	0.725
1069	0.725
1070	0.72
1071	0.7275
1072	0.7225
1073	0.72
1074	0.7125
1075	0.71
1076	0.715
1077	0.7275
1078	0.715
1079	0.7225
1080	0.7275
1081	0.7175
1082	0.7275
1083	0.7275
1084	0.7175
1085	0.7275
1086	0.725
1087	0.7325
1088	0.72
1089	0.7175
1090	0.725
1091	0.7325
1092	0.7275
1093	0.7325
1094	0.735
1095	0.7325
1096	0.7325
1097	0.72
1098	0.7325
1099	0.73
1100	0.725
1101	0.7225
1102	0.715
1103	0.725
1104	0.725
1105	0.725
1106	0.7325
1107	0.7375
1108	0.735
1109	0.7325
1110	0.7325
1111	0.725
1112	0.7275
1113	0.725
1114	0.72
1115	0.7175
1116	0.7225
1117	0.71
1118	0.715
1119	0.715
1120	0.71
1121	0.705
1122	0.705
1123	0.7075
1124	0.7025
1125	0.7125
1126	0.7075
1127	0.7125
1128	0.705
1129	0.7
1130	0.715
1131	0.7125
1132	0.7075
1133	0.7
1134	0.705
1135	0.705
1136	0.6925
1137	0.695
1138	0.6875
1139	0.705
1140	0.7025
1141	0.7125
1142	0.7125
1143	0.71
1144	0.7
1145	0.6975
1146	0.695
1147	0.7
1148	0.69
1149	0.6875
1150	0.695
1151	0.69
1152	0.695
1153	0.705
1154	0.7
1155	0.6975
1156	0.7025
1157	0.72
1158	0.7175
1159	0.72
1160	0.705
1161	0.72
1162	0.7175
1163	0.71
1164	0.6875
1165	0.69
1166	0.685
1167	0.695
1168	0.6975
1169	0.6975
1170	0.695
1171	0.6925
1172	0.7025
1173	0.7025
1174	0.69
1175	0.6875
1176	0.6875
1177	0.685
1178	0.6925
1179	0.695
1180	0.6975
1181	0.685
1182	0.6825
1183	0.6875
1184	0.6925
1185	0.6825
1186	0.69
1187	0.685
1188	0.68
1189	0.6825
1190	0.6825
1191	0.6825
1192	0.6825
1193	0.6725
1194	0.6725
1195	0.675
1196	0.6675
1197	0.6675
1198	0.6575
1199	0.6525
1200	0.66
1201	0.67
1202	0.66
1203	0.66
1204	0.665
1205	0.675
1206	0.6625
1207	0.66
1208	0.6525
1209	0.65
1210	0.655
1211	0.6675
1212	0.665
1213	0.65
1214	0.655
1215	0.6575
1216	0.645
1217	0.6575
1218	0.6625
1219	0.645
1220	0.63
1221	0.635
1222	0.635
1223	0.64
1224	0.6325
1225	0.6225
1226	0.6275
1227	0.6225
1228	0.625
1229	0.63
1230	0.63
1231	0.6275
1232	0.635
1233	0.615
1234	0.62
1235	0.615
1236	0.615
1237	0.6125
1238	0.62
1239	0.615
1240	0.62
1241	0.635
1242	0.62
1243	0.615
1244	0.6025
1245	0.6125
1246	0.61
1247	0.595
1248	0.6
1249	0.6025
1250	0.5975
1251	0.6
1252	0.6025
1253	0.605
1254	0.6125
1255	0.61
1256	0.6075
1257	0.605
1258	0.6025
1259	0.605
1260	0.605
1261	0.605
1262	0.605
1263	0.6025
1264	0.5975
1265	0.5925
1266	0.59
1267	0.59
1268	0.5825
1269	0.5775
1270	0.5975
1271	0.58
1272	0.58
1273	0.5775
1274	0.575
1275	0.58
1276	0.5775
1277	0.59
1278	0.5825
1279	0.5825
1280	0.575
1281	0.58
1282	0.5775
1283	0.5775
1284	0.5775
1285	0.5725
1286	0.5725
1287	0.5725
1288	0.565
1289	0.5575
1290	0.565
1291	0.565
1292	0.575
1293	0.5725
1294	0.565
1295	0.5725
1296	0.5675
1297	0.5525
1298	0.5525
1299	0.55
1300	0.55
1301	0.555
1302	0.56
1303	0.55
1304	0.555
1305	0.5525
1306	0.5575
1307	0.555
1308	0.565
1309	0.56
1310	0.56
1311	0.56
1312	0.56
1313	0.5575
1314	0.5525
1315	0.5525
1316	0.555
1317	0.5525
1318	0.5575
1319	0.5525
1320	0.5575
1321	0.5575
1322	0.555
1323	0.555
1324	0.5525
1325	0.525
1326	0.5225
1327	0.5175
1328	0.5175
1329	0.53
1330	0.5375
1331	0.535
1332	0.54
1333	0.56
1334	0.5525
1335	0.54
1336	0.525
1337	0.5175
1338	0.51
1339	0.52
1340	0.51
1341	0.515
1342	0.515
1343	0.515
1344	0.5125
1345	0.5125
1346	0.5125
1347	0.5175
1348	0.5175
1349	0.52
1350	0.5225
1351	0.5225
1352	0.5225
1353	0.52
1354	0.52
1355	0.515
1356	0.515
1357	0.52
1358	0.5175
1359	0.52
1360	0.515
1361	0.52
1362	0.52
1363	0.5175
1364	0.5175
1365	0.5225
1366	0.5175
1367	0.5175
1368	0.5125
1369	0.52
1370	0.5175
1371	0.5175
1372	0.52
1373	0.515
1374	0.515
1375	0.5175
1376	0.5125
1377	0.5125
1378	0.51
1379	0.5125
1380	0.51
1381	0.5075
1382	0.51
1383	0.5125
1384	0.51
1385	0.5125
1386	0.515
1387	0.515
1388	0.515
1389	0.515
1390	0.51
1391	0.515
1392	0.5125
1393	0.5125
1394	0.51
1395	0.51
1396	0.51
1397	0.51
1398	0.5075
1399	0.51
1400	0.5075
1401	0.5075
1402	0.5075
1403	0.51
1404	0.51
1405	0.515
1406	0.5125
1407	0.51
1408	0.505
1409	0.505
1410	0.505
1411	0.5075
1412	0.505
1413	0.5075
1414	0.505
1415	0.5075
1416	0.505
1417	0.5075
1418	0.5125
1419	0.5075
1420	0.51
1421	0.5075
1422	0.5075
1423	0.5075
1424	0.505
1425	0.5025
1426	0.5025
1427	0.5025
1428	0.5025
1429	0.505
1430	0.505
1431	0.505
1432	0.505
1433	0.505
1434	0.5075
1435	0.51
1436	0.5075
1437	0.5075
1438	0.51
1439	0.505
1440	0.5075
1441	0.505
1442	0.505
1443	0.505
1444	0.5025
1445	0.5025
1446	0.5
