1	0.855
2	0.855
3	0.86
4	0.8625
5	0.8625
6	0.8575
7	0.86
8	0.8525
9	0.855
10	0.8425
11	0.84
12	0.84
13	0.8425
14	0.845
15	0.8425
16	0.84
17	0.835
18	0.8375
19	0.8325
20	0.83
21	0.83
22	0.8325
23	0.835
24	0.84
25	0.835
26	0.835
27	0.8325
28	0.8325
29	0.8275
30	0.8375
31	0.8375
32	0.8275
33	0.8325
34	0.84
35	0.835
36	0.8325
37	0.835
38	0.83
39	0.8325
40	0.8325
41	0.8375
42	0.8375
43	0.83
44	0.83
45	0.83
46	0.8375
47	0.8325
48	0.8325
49	0.8325
50	0.835
51	0.835
52	0.83
53	0.835
54	0.8325
55	0.83
56	0.8325
57	0.8325
58	0.835
59	0.8275
60	0.825
61	0.825
62	0.8275
63	0.8275
64	0.82
65	0.82
66	0.8175
67	0.8225
68	0.8225
69	0.8125
70	0.8125
71	0.815
72	0.815
73	0.8075
74	0.8075
75	0.81
76	0.8075
77	0.805
78	0.805
79	0.8025
80	0.8
81	0.7925
82	0.7925
83	0.7825
84	0.795
85	0.795
86	0.7975
87	0.7925
88	0.795
89	0.7925
90	0.7925
91	0.7925
92	0.785
93	0.78
94	0.785
95	0.7925
96	0.79
97	0.785
98	0.785
99	0.7875
100	0.7875
101	0.7825
102	0.7775
103	0.77
104	0.76
105	0.7575
106	0.7625
107	0.76
108	0.765
109	0.7675
110	0.7625
111	0.7625
112	0.7625
113	0.7625
114	0.7625
115	0.7625
116	0.765
117	0.76
118	0.76
119	0.76
120	0.755
121	0.755
122	0.76
123	0.7525
124	0.7475
125	0.75
126	0.755
127	0.745
128	0.755
129	0.755
130	0.7575
131	0.7575
132	0.7575
133	0.755
134	0.76
135	0.76
136	0.7575
137	0.76
138	0.77
139	0.7625
140	0.76
141	0.755
142	0.7525
143	0.7575
144	0.76
145	0.7625
146	0.76
147	0.7575
148	0.755
149	0.75
150	0.7475
151	0.7475
152	0.7475
153	0.75
154	0.75
155	0.755
156	0.7475
157	0.7475
158	0.74
159	0.7425
160	0.7475
161	0.7525
162	0.745
163	0.74
164	0.74
165	0.735
166	0.7375
167	0.73
168	0.7375
169	0.7275
170	0.745
171	0.74
172	0.7375
173	0.735
174	0.7275
175	0.7275
176	0.7275
177	0.7325
178	0.73
179	0.7275
180	0.7275
181	0.7275
182	0.725
183	0.7225
184	0.72
185	0.7175
186	0.7125
187	0.71
188	0.7175
189	0.7075
190	0.71
191	0.7075
192	0.71
193	0.7125
194	0.715
195	0.715
196	0.71
197	0.72
198	0.7125
199	0.7125
200	0.715
201	0.7175
202	0.7125
203	0.715
204	0.715
205	0.7175
206	0.715
207	0.7125
208	0.7125
209	0.7125
210	0.715
211	0.715
212	0.72
213	0.715
214	0.7125
215	0.715
216	0.72
217	0.72
218	0.7175
219	0.705
220	0.7075
221	0.7025
222	0.705
223	0.705
224	0.7075
225	0.7025
226	0.7075
227	0.705
228	0.6975
229	0.7
230	0.685
231	0.69
232	0.69
233	0.6875
234	0.6875
235	0.6875
236	0.6925
237	0.6925
238	0.68
239	0.685
240	0.69
241	0.6875
242	0.685
243	0.68
244	0.68
245	0.6725
246	0.675
247	0.6775
248	0.68
249	0.68
250	0.6775
251	0.6725
252	0.675
253	0.675
254	0.6725
255	0.6725
256	0.6725
257	0.6675
258	0.67
259	0.6725
260	0.6725
261	0.67
262	0.6775
263	0.6775
264	0.68
265	0.6725
266	0.67
267	0.665
268	0.6675
269	0.67
270	0.67
271	0.675
272	0.6725
273	0.67
274	0.6725
275	0.6625
276	0.6625
277	0.6625
278	0.6575
279	0.6625
280	0.67
281	0.67
282	0.67
283	0.665
284	0.67
285	0.67
286	0.6675
287	0.6675
288	0.665
289	0.6625
290	0.6625
291	0.66
292	0.66
293	0.66
294	0.66
295	0.6525
296	0.655
297	0.66
298	0.66
299	0.66
300	0.655
301	0.6525
302	0.6475
303	0.6425
304	0.64
305	0.64
306	0.635
307	0.6375
308	0.6375
309	0.64
310	0.645
311	0.65
312	0.65
313	0.65
314	0.6425
315	0.64
316	0.6425
317	0.6425
318	0.6475
319	0.6425
320	0.6425
321	0.645
322	0.645
323	0.64
324	0.64
325	0.6375
326	0.635
327	0.635
328	0.6375
329	0.64
330	0.6375
331	0.64
332	0.6375
333	0.635
334	0.635
335	0.635
336	0.6375
337	0.635
338	0.6375
339	0.6375
340	0.635
341	0.6375
342	0.6375
343	0.6375
344	0.635
345	0.635
346	0.63
347	0.6275
348	0.625
349	0.63
350	0.6275
351	0.63
352	0.63
353	0.6225
354	0.6225
355	0.6225
356	0.6225
357	0.625
358	0.625
359	0.6275
360	0.6225
361	0.625
362	0.6275
363	0.625
364	0.6275
365	0.625
366	0.625
367	0.625
368	0.625
369	0.6325
370	0.63
371	0.63
372	0.6275
373	0.63
374	0.6225
375	0.6225
376	0.6225
377	0.6225
378	0.62
379	0.615
380	0.6125
381	0.615
382	0.6175
383	0.6175
384	0.615
385	0.615
386	0.615
387	0.615
388	0.6175
389	0.6175
390	0.6175
391	0.62
392	0.6175
393	0.6125
394	0.615
395	0.6125
396	0.6125
397	0.6125
398	0.6075
399	0.61
400	0.6075
401	0.61
402	0.6125
403	0.6125
404	0.6125
405	0.615
406	0.6125
407	0.6175
408	0.615
409	0.6125
410	0.61
411	0.6125
412	0.6125
413	0.615
414	0.615
415	0.6125
416	0.61
417	0.61
418	0.61
419	0.61
420	0.6125
421	0.6125
422	0.61
423	0.6125
424	0.6125
425	0.615
426	0.6125
427	0.6125
428	0.6125
429	0.6125
430	0.61
431	0.6125
432	0.6125
433	0.61
434	0.61
435	0.61
436	0.61
437	0.6075
438	0.6075
439	0.6075
440	0.6075
441	0.6075
442	0.6075
443	0.61
444	0.6075
445	0.61
446	0.61
447	0.61
448	0.605
449	0.605
450	0.605
451	0.6075
452	0.6075
453	0.6025
454	0.6
455	0.6
456	0.6025
457	0.595
458	0.5975
459	0.5975
460	0.5975
461	0.6
462	0.6
463	0.5975
464	0.5975
465	0.5975
466	0.5975
467	0.6025
468	0.6025
469	0.6025
470	0.6025
471	0.6025
472	0.6025
473	0.6
474	0.6025
475	0.6025
476	0.6025
477	0.6025
478	0.6025
479	0.6
480	0.6025
481	0.6025
482	0.6025
483	0.6025
484	0.6
485	0.6025
486	0.6
487	0.6
488	0.6
489	0.6
490	0.6
491	0.6
492	0.6
493	0.6025
494	0.605
495	0.605
496	0.6025
497	0.605
498	0.605
499	0.605
500	0.605
501	0.605
502	0.605
503	0.6025
504	0.605
505	0.5975
506	0.5975
507	0.6
508	0.6
509	0.6
510	0.6
511	0.6
512	0.6025
513	0.6025
514	0.6
515	0.6
516	0.6
517	0.5975
518	0.5975
519	0.5975
520	0.5975
521	0.5975
522	0.5975
523	0.5975
524	0.5975
525	0.5975
526	0.5975
527	0.595
528	0.5925
529	0.595
530	0.595
531	0.5925
532	0.5925
533	0.5925
534	0.5925
535	0.5925
536	0.595
537	0.5925
538	0.5925
539	0.5925
540	0.5925
541	0.5925
542	0.5925
543	0.595
544	0.595
545	0.5925
546	0.5925
547	0.5925
548	0.5925
549	0.595
550	0.5925
551	0.5925
552	0.5925
553	0.5925
554	0.59
555	0.59
556	0.59
557	0.59
558	0.5925
559	0.5925
560	0.5925
561	0.5925
562	0.5925
563	0.5925
564	0.5925
565	0.5925
566	0.5925
567	0.5925
568	0.5925
569	0.59
570	0.59
571	0.59
572	0.59
573	0.5925
574	0.5925
575	0.5925
576	0.5925
577	0.5925
578	0.59
579	0.59
580	0.59
581	0.59
582	0.59
583	0.59
584	0.59
585	0.59
586	0.59
587	0.59
588	0.59
589	0.59
590	0.59
591	0.59
592	0.59
593	0.59
594	0.5925
595	0.59
596	0.59
597	0.59
598	0.59
599	0.59
600	0.59
601	0.5925
602	0.5925
603	0.5925
604	0.595
605	0.595
606	0.595
607	0.595
608	0.595
609	0.595
610	0.595
611	0.5925
612	0.5925
613	0.5925
614	0.5925
615	0.5925
616	0.5925
617	0.595
618	0.595
619	0.595
620	0.595
621	0.595
622	0.595
623	0.595
624	0.595
625	0.595
626	0.595
627	0.595
628	0.595
629	0.595
630	0.595
631	0.595
632	0.595
633	0.595
634	0.595
635	0.595
636	0.595
637	0.595
638	0.595
639	0.595
640	0.595
641	0.595
642	0.595
643	0.595
644	0.595
645	0.595
646	0.595
647	0.595
648	0.595
649	0.595
650	0.595
651	0.595
652	0.595
653	0.5925
654	0.5925
655	0.5925
656	0.5925
657	0.5925
658	0.5925
659	0.5925
660	0.5925
661	0.5925
662	0.5925
663	0.5925
664	0.5925
665	0.5925
666	0.5925
667	0.5925
668	0.5925
669	0.5925
670	0.5925
671	0.5925
672	0.5925
673	0.5925
674	0.5925
675	0.5925
676	0.5925
677	0.5925
678	0.5925
679	0.5925
680	0.5925
681	0.5925
682	0.5925
683	0.5925
684	0.5925
685	0.5925
686	0.5925
687	0.5925
688	0.5925
689	0.5925
690	0.5925
691	0.5925
692	0.5925
693	0.5925
694	0.5925
695	0.5925
696	0.5925
697	0.5925
698	0.5925
699	0.5925
700	0.5925
701	0.5925
702	0.5925
703	0.5925
704	0.5925
705	0.5925
706	0.5925
707	0.5925
708	0.5925
709	0.5925
710	0.5925
711	0.5925
712	0.5925
713	0.5925
714	0.5925
715	0.5925
716	0.5925
717	0.5925
718	0.5925
719	0.5925
720	0.5925
721	0.5925
722	0.5925
723	0.5925
724	0.5925
725	0.5925
726	0.5925
727	0.5925
728	0.5925
729	0.5925
730	0.5925
731	0.5925
732	0.5925
733	0.5925
734	0.5925
735	0.5925
736	0.5925
737	0.5925
738	0.5925
739	0.5925
740	0.5925
741	0.5925
742	0.5925
743	0.5925
744	0.5925
745	0.5925
746	0.5925
747	0.5925
748	0.5925
749	0.5925
750	0.5925
751	0.5925
752	0.5925
753	0.5925
754	0.5925
755	0.59
756	0.59
757	0.59
758	0.59
759	0.59
760	0.59
761	0.59
762	0.59
763	0.59
764	0.59
765	0.59
766	0.59
767	0.59
768	0.5925
769	0.5925
770	0.5925
771	0.5925
772	0.5925
773	0.5925
774	0.5925
775	0.5925
776	0.59
777	0.5925
778	0.5925
779	0.5925
780	0.5925
781	0.5925
782	0.5925
783	0.5925
784	0.5925
785	0.5925
786	0.5925
787	0.5925
788	0.5925
789	0.5925
790	0.5925
791	0.5925
792	0.5925
793	0.5925
794	0.5925
795	0.5925
796	0.5925
797	0.5925
798	0.5925
799	0.5925
800	0.5925
801	0.5925
802	0.5925
803	0.5925
804	0.5925
805	0.5925
806	0.5925
807	0.5925
808	0.5925
809	0.5925
810	0.5925
811	0.5925
812	0.5925
813	0.5925
814	0.5925
815	0.5925
816	0.5925
817	0.5925
818	0.5925
819	0.5925
820	0.5925
821	0.5925
822	0.5925
823	0.5925
824	0.5925
825	0.5925
826	0.5925
827	0.5925
828	0.5925
829	0.5925
830	0.5925
831	0.5925
832	0.5925
833	0.5925
834	0.5925
835	0.5925
836	0.5925
837	0.5925
838	0.5925
839	0.5925
840	0.5925
841	0.5925
842	0.5925
843	0.5925
844	0.5925
845	0.5925
846	0.5925
847	0.5925
848	0.5925
849	0.5925
850	0.5925
851	0.5925
852	0.5925
853	0.5925
854	0.5925
855	0.5925
856	0.5925
857	0.5925
858	0.5925
859	0.5925
860	0.5925
861	0.5925
862	0.5925
863	0.5925
864	0.5925
865	0.5925
866	0.5925
867	0.5925
868	0.5925
869	0.59
870	0.59
871	0.59
872	0.59
873	0.59
874	0.59
875	0.59
876	0.59
877	0.59
878	0.59
879	0.5925
880	0.5925
881	0.5925
882	0.5925
883	0.5925
884	0.5925
885	0.5925
886	0.5925
887	0.5925
888	0.5925
889	0.5925
890	0.5925
891	0.5925
892	0.5925
893	0.5925
894	0.5925
895	0.5925
896	0.5925
897	0.5925
898	0.5925
899	0.5925
900	0.5925
901	0.5925
902	0.5925
903	0.5925
904	0.5925
905	0.5925
906	0.5925
907	0.5925
908	0.5925
909	0.5925
910	0.5925
911	0.5925
912	0.5925
913	0.5925
914	0.5925
915	0.5925
916	0.5925
917	0.5925
918	0.5925
919	0.5925
920	0.5925
921	0.5925
922	0.5925
923	0.5925
924	0.5925
925	0.5925
926	0.5925
927	0.5925
928	0.5925
929	0.5925
930	0.5925
931	0.5925
932	0.5925
933	0.5925
934	0.5925
935	0.5925
936	0.5925
937	0.5925
938	0.5925
939	0.5925
940	0.5925
941	0.5925
942	0.5925
943	0.5925
944	0.5925
945	0.5925
946	0.5925
947	0.5925
948	0.5925
949	0.5925
950	0.5925
951	0.5925
952	0.5925
953	0.5925
954	0.5925
955	0.5925
956	0.5925
957	0.5925
958	0.5925
959	0.5925
960	0.5925
961	0.5925
962	0.5925
963	0.5925
964	0.5925
965	0.5925
966	0.5925
967	0.5925
968	0.5925
969	0.5925
970	0.5925
971	0.5925
972	0.5925
973	0.5925
974	0.5925
975	0.5925
976	0.5925
977	0.5925
978	0.5925
979	0.5925
980	0.5925
981	0.5925
982	0.5925
983	0.5925
984	0.5925
985	0.5925
986	0.5925
987	0.5925
988	0.5925
989	0.5925
990	0.5925
991	0.5925
992	0.5925
993	0.5925
994	0.5925
995	0.5925
996	0.5925
997	0.5925
998	0.5925
999	0.5925
1000	0.5925
1001	0.5925
1002	0.5925
1003	0.5925
1004	0.5925
1005	0.5925
1006	0.5925
1007	0.5925
1008	0.5925
1009	0.5925
1010	0.5925
1011	0.5925
1012	0.5925
1013	0.5925
1014	0.5925
1015	0.5925
1016	0.5925
1017	0.5925
1018	0.5925
1019	0.5925
1020	0.5925
1021	0.5925
1022	0.5925
1023	0.5925
1024	0.5925
1025	0.5925
1026	0.5925
1027	0.5925
1028	0.5925
1029	0.5925
1030	0.5925
1031	0.5925
1032	0.5925
1033	0.5925
1034	0.5925
1035	0.5925
1036	0.5925
1037	0.5925
1038	0.5925
1039	0.5925
1040	0.5925
1041	0.5925
1042	0.5925
1043	0.5925
1044	0.5925
1045	0.5925
1046	0.5925
1047	0.5925
1048	0.5925
1049	0.5925
1050	0.5925
1051	0.5925
1052	0.5925
1053	0.5925
1054	0.5925
1055	0.5925
1056	0.5925
1057	0.5925
1058	0.5925
1059	0.5925
1060	0.5925
1061	0.5925
1062	0.5925
1063	0.5925
1064	0.5925
1065	0.5925
1066	0.5925
1067	0.5925
1068	0.5925
1069	0.5925
1070	0.5925
1071	0.5925
1072	0.5925
1073	0.5925
1074	0.5925
1075	0.5925
1076	0.5925
1077	0.5925
1078	0.5925
1079	0.5925
1080	0.5925
1081	0.5925
1082	0.5925
1083	0.5925
1084	0.5925
1085	0.5925
1086	0.5925
1087	0.5925
1088	0.5925
1089	0.5925
1090	0.5925
1091	0.5925
1092	0.5925
1093	0.5925
1094	0.5925
1095	0.5925
1096	0.5925
1097	0.5925
1098	0.5925
1099	0.5925
1100	0.5925
1101	0.5925
1102	0.5925
1103	0.5925
1104	0.5925
1105	0.5925
1106	0.5925
1107	0.5925
1108	0.5925
1109	0.5925
1110	0.5925
1111	0.5925
1112	0.5925
1113	0.5925
1114	0.5925
1115	0.5925
1116	0.5925
1117	0.5925
1118	0.5925
1119	0.5925
1120	0.5925
1121	0.5925
1122	0.5925
1123	0.5925
1124	0.5925
1125	0.5925
1126	0.5925
1127	0.5925
1128	0.5925
1129	0.5925
1130	0.5925
1131	0.5925
1132	0.5925
1133	0.5925
1134	0.5925
1135	0.5925
1136	0.5925
1137	0.5925
1138	0.5925
1139	0.5925
1140	0.5925
1141	0.5925
1142	0.5925
1143	0.5925
1144	0.5925
1145	0.5925
1146	0.5925
1147	0.5925
1148	0.5925
1149	0.5925
1150	0.5925
1151	0.5925
1152	0.5925
1153	0.5925
1154	0.5925
1155	0.5925
1156	0.5925
1157	0.5925
1158	0.5925
1159	0.5925
1160	0.5925
1161	0.5925
1162	0.5925
1163	0.5925
1164	0.5925
1165	0.5925
1166	0.5925
1167	0.5925
1168	0.5925
1169	0.5925
1170	0.5925
1171	0.5925
1172	0.5925
1173	0.5925
1174	0.5925
1175	0.5925
1176	0.5925
1177	0.5925
1178	0.5925
1179	0.5925
1180	0.5925
1181	0.5925
1182	0.5925
1183	0.5925
1184	0.5925
1185	0.5925
1186	0.5925
1187	0.5925
1188	0.5925
1189	0.5925
1190	0.5925
1191	0.5925
1192	0.5925
1193	0.5925
1194	0.5925
1195	0.5925
1196	0.5925
1197	0.5925
1198	0.5925
1199	0.5925
1200	0.5925
1201	0.5925
1202	0.5925
1203	0.5925
1204	0.5925
1205	0.5925
1206	0.5925
1207	0.5925
1208	0.5925
1209	0.5925
1210	0.5925
1211	0.5925
1212	0.5925
1213	0.5925
1214	0.5925
1215	0.5925
1216	0.5925
1217	0.5925
1218	0.5925
1219	0.5925
1220	0.5925
1221	0.5925
1222	0.5925
1223	0.5925
1224	0.5925
1225	0.5925
1226	0.5925
1227	0.5925
1228	0.5925
1229	0.5925
1230	0.5925
1231	0.5925
1232	0.5925
1233	0.5925
1234	0.5925
1235	0.5925
1236	0.5925
1237	0.5925
1238	0.5925
1239	0.5925
1240	0.5925
1241	0.5925
1242	0.5925
1243	0.5925
1244	0.5925
1245	0.5925
1246	0.5925
1247	0.5925
1248	0.5925
1249	0.5925
1250	0.5925
1251	0.5925
1252	0.5925
1253	0.5925
1254	0.5925
1255	0.5925
1256	0.5925
1257	0.5925
1258	0.5925
1259	0.5925
1260	0.5925
1261	0.5925
1262	0.5925
1263	0.5925
1264	0.5925
1265	0.5925
1266	0.5925
1267	0.5925
1268	0.5925
1269	0.5925
1270	0.5925
1271	0.5925
1272	0.5925
1273	0.5925
1274	0.5925
1275	0.5925
1276	0.5925
1277	0.5925
1278	0.5925
1279	0.5925
1280	0.5925
1281	0.5925
1282	0.5925
1283	0.5925
1284	0.5925
1285	0.5925
1286	0.5925
1287	0.5925
1288	0.5925
1289	0.5925
1290	0.5925
1291	0.5925
1292	0.5925
1293	0.5925
1294	0.5925
1295	0.5925
1296	0.5925
1297	0.5925
1298	0.5925
1299	0.5925
1300	0.5925
1301	0.5925
1302	0.5925
1303	0.5925
1304	0.5925
1305	0.5925
1306	0.5925
1307	0.5925
1308	0.5925
1309	0.5925
1310	0.5925
1311	0.5925
1312	0.5925
1313	0.5925
1314	0.5925
1315	0.5925
1316	0.5925
1317	0.5925
1318	0.5925
1319	0.5925
1320	0.5925
1321	0.5925
1322	0.5925
1323	0.5925
1324	0.5925
1325	0.5925
1326	0.5925
1327	0.5925
1328	0.5925
1329	0.5925
1330	0.5925
1331	0.5925
1332	0.5925
1333	0.5925
1334	0.5925
1335	0.5925
1336	0.5925
1337	0.5925
1338	0.5925
1339	0.5925
